70 350
77 22
248 103
78 105
0 28
122 49
171 50
38 67
208 70
19 203
88 207
62 237
177 135
10 129
205 130
45 144
34 146
180 261
14 355
69 358
95 334
64 305
206 341
108 338
164 309
76 429
229 494
102 472
12 394
121 381
87 391
173 415
116 464
350 84
478 22
471 7
403 23
337 87
465 5
380 118
285 25
474 212
393 217
397 158
381 219
399 186
445 159
293 200
282 220
361 334
288 313
346 265
298 323
361 357
333 347
443 259
415 252
418 454
472 418
331 417
416 446
467 418
333 460
469 395
479 411
215 102
26 110
11 27
33 44
236 6
9 7
246 59
213 95
132 24
168 80
9 86
19 97
13 12
96 22
34 94
144 4
39 24
133 1
140 32
47 69
218 18
7 55
237 36
61 107
203 109
250 40
175 44
113 53
23 111
190 34
48 79
151 44
172 76
2 59
154 102
110 122
40 83
65 30
84 11
249 70
100 96
99 60
181 48
26 116
44 74
135 12
182 125
207 17
124 84
92 134
199 132
85 236
42 207
11 178
95 164
247 196
83 203
24 131
239 127
198 187
142 194
42 165
214 157
108 240
66 157
197 203
168 221
171 159
179 233
99 201
162 225
109 154
2 238
58 172
36 188
247 241
111 233
85 173
59 226
128 246
233 148
88 162
203 150
109 223
34 210
197 227
59 131
96 201
229 192
187 203
144 193
174 199
239 272
187 275
220 307
54 254
149 342
216 250
168 324
48 328
148 373
123 362
39 297
51 279
196 281
234 303
108 301
115 317
153 345
61 306
82 336
222 322
23 359
141 287
38 300
246 326
213 311
147 286
237 318
140 306
131 275
223 267
82 250
111 304
24 315
147 292
117 322
98 339
241 266
239 283
37 250
28 275
239 303
241 263
235 368
130 389
191 413
130 470
247 390
112 436
178 497
223 457
70 500
171 375
115 469
86 462
137 417
194 439
165 448
213 487
26 460
228 467
98 391
21 484
227 469
175 462
30 425
243 379
22 403
58 493
116 444
236 496
29 481
82 412
198 424
75 380
56 426
129 417
231 466
50 449
147 484
37 451
13 439
161 431
53 404
37 407
167 488
192 389
383 84
306 107
273 12
314 52
288 48
415 101
395 116
433 100
267 112
434 35
378 81
359 89
488 86
407 85
459 119
272 95
389 82
498 12
455 35
482 82
273 81
349 57
327 7
363 124
296 110
256 71
279 124
422 10
490 102
481 37
409 51
270 21
459 17
306 97
375 50
328 98
310 76
302 37
443 12
485 17
327 76
417 110
324 19
292 218
380 187
348 127
292 195
432 165
481 147
379 246
481 178
333 218
308 204
301 243
450 229
394 130
339 170
320 156
415 175
346 134
294 155
477 148
500 167
339 201
363 174
408 197
376 237
313 232
313 174
419 212
483 164
387 132
259 142
444 158
493 209
317 185
250 141
493 234
439 168
277 147
463 137
492 142
480 129
373 156
454 160
450 167
497 325
376 251
402 317
346 282
428 305
481 349
403 359
406 354
445 340
485 365
274 272
335 325
477 350
483 318
359 313
254 303
460 267
445 322
325 339
405 273
273 373
363 305
353 369
383 299
285 301
283 268
288 271
441 348
284 320
336 254
381 331
303 256
298 251
383 367
289 315
494 311
258 253
303 312
479 284
497 295
404 336
337 357
331 269
328 375
447 433
419 465
395 381
475 380
364 499
342 483
465 431
256 419
405 494
457 480
490 427
291 427
402 471
374 459
252 500
264 401
463 403
327 381
359 449
415 469
279 445
286 491
354 439
495 449
414 491
337 462
483 467
380 468
470 407
347 495
350 382
309 384
486 399
474 402
484 484
431 389
255 454
383 391
325 440
277 447
416 435
277 398
27 9
9 15
178 74
22 64
195 43
44 90
