70 350
100 15
137 44
80 116
63 83
193 113
140 107
206 65
247 67
173 250
102 150
241 219
200 207
162 152
83 138
193 175
208 147
146 327
81 282
152 343
133 255
32 362
181 254
193 305
89 348
170 375
107 404
167 381
64 422
122 440
195 420
129 465
220 476
448 2
377 82
478 15
310 60
449 95
462 19
440 108
453 35
333 218
494 195
446 173
459 159
423 210
306 226
273 204
420 197
477 365
323 325
346 337
344 262
368 304
487 368
434 313
322 321
342 465
470 481
397 450
484 392
381 473
436 464
252 493
326 438
234 125
210 17
199 32
78 33
134 36
64 33
127 17
164 36
156 102
132 85
143 70
2 122
119 15
180 62
92 63
104 110
138 3
243 54
26 103
141 57
10 65
166 18
44 109
230 10
42 100
181 103
67 30
160 99
15 21
75 88
231 53
179 117
27 121
229 118
53 47
145 48
41 88
6 86
113 90
228 2
21 85
233 26
241 96
174 86
29 43
213 12
4 95
95 22
132 110
116 248
247 157
238 211
51 168
215 138
169 249
41 243
172 201
230 237
245 186
207 136
125 172
121 176
77 241
158 143
128 239
207 163
5 204
161 146
33 142
107 225
62 235
11 134
214 223
80 246
239 207
244 158
49 249
183 208
211 154
43 194
169 168
103 187
133 246
54 245
124 248
82 161
105 125
36 212
176 201
222 221
228 227
167 239
217 254
34 352
16 287
188 276
104 328
99 311
90 359
42 257
14 353
202 272
209 363
225 273
89 318
167 333
69 333
3 322
210 331
75 264
68 335
34 259
88 294
66 268
128 258
169 345
41 342
128 275
134 281
194 253
68 271
7 270
82 358
153 257
141 364
209 351
63 280
12 281
143 263
67 335
158 287
51 289
71 366
193 283
103 251
96 480
95 409
25 498
71 420
249 416
19 385
79 429
26 493
196 495
98 474
78 405
106 442
113 416
51 459
165 416
77 383
179 430
183 469
56 481
194 387
71 433
156 440
107 438
78 461
168 434
64 406
67 392
107 481
241 420
22 437
168 437
91 447
86 460
174 439
11 462
65 407
159 449
145 480
41 458
192 462
134 403
67 448
3 493
398 55
351 14
355 123
464 12
442 90
447 76
420 89
357 68
404 12
423 119
474 83
346 90
438 40
284 98
278 118
485 13
427 72
348 59
453 98
418 50
476 106
311 41
412 72
410 69
276 0
393 2
322 93
264 83
490 106
341 117
427 84
273 54
492 101
279 48
474 100
450 0
300 59
439 10
450 64
378 120
487 50
362 39
376 118
390 197
253 243
287 183
381 150
437 225
264 194
453 127
269 243
416 183
351 142
483 165
388 243
322 151
274 126
380 200
378 165
484 194
440 142
312 164
319 250
254 134
467 212
386 200
335 171
255 193
296 200
472 194
450 191
357 220
256 190
367 188
326 128
269 246
404 163
280 187
284 223
423 180
333 232
403 174
446 146
317 144
382 215
466 166
413 375
423 301
399 361
390 257
274 286
250 272
328 295
288 295
402 295
492 374
310 259
316 372
322 345
307 275
364 305
486 314
338 276
263 354
489 374
366 289
332 322
420 357
384 285
440 260
443 339
424 272
444 306
279 362
413 319
344 361
439 361
333 368
341 276
314 366
330 263
378 300
477 289
299 324
288 288
489 271
456 353
374 307
354 260
397 494
387 402
488 427
398 407
299 455
406 499
336 464
274 422
473 454
356 400
374 409
437 461
395 409
270 484
325 422
285 421
455 491
394 419
401 399
411 498
340 465
460 480
281 430
434 408
479 423
308 384
433 472
383 471
430 493
274 393
449 460
333 467
411 478
275 478
499 458
358 423
351 436
347 399
405 404
498 403
344 407
430 462
456 392
171 23
71 11
110 19
220 22
168 90
96 105