70 350
61 90
195 22
98 1
0 48
168 38
158 82
84 7
239 84
13 207
108 166
100 220
177 224
61 165
250 172
54 176
227 208
76 344
130 299
219 260
179 322
195 330
18 359
174 283
212 357
28 499
19 474
4 376
43 391
76 404
12 448
85 466
75 419
445 83
382 67
324 43
450 1
300 55
368 67
353 12
448 90
390 241
337 202
347 198
362 141
353 222
321 134
320 197
442 143
474 292
260 280
470 260
268 333
467 316
361 282
296 311
328 268
251 426
476 482
462 490
351 404
423 375
257 407
278 485
292 403
209 113
197 8
43 104
116 83
162 18
166 0
117 35
38 10
165 74
134 87
216 56
57 30
56 1
72 73
146 94
144 21
160 67
19 93
26 16
216 36
181 54
232 91
188 83
89 53
231 92
244 51
28 118
53 106
208 23
1 72
117 38
114 59
71 63
39 14
231 89
40 118
55 96
218 86
185 116
183 53
201 22
20 52
216 4
41 13
96 101
40 122
78 105
127 117
11 45
191 148
248 171
57 249
26 198
181 248
181 172
75 158
127 188
3 157
123 219
224 244
14 181
194 196
59 231
157 171
176 190
189 128
65 143
171 150
74 190
185 136
25 189
98 184
183 156
175 206
127 128
184 207
243 231
61 166
121 219
145 213
83 229
237 236
224 247
203 161
5 153
166 194
14 125
24 189
5 154
231 168
185 127
5 187
247 336
166 300
130 304
196 262
127 371
157 261
21 276
188 254
135 337
208 373
61 310
67 252
222 289
7 286
96 256
152 366
145 370
150 356
208 314
243 336
24 372
54 281
62 261
77 315
219 347
239 259
160 367
18 352
28 315
219 308
244 308
112 310
240 335
3 261
171 373
46 358
94 361
134 349
117 264
38 352
108 332
222 352
34 280
221 468
114 494
221 386
14 472
66 488
72 496
0 444
229 488
34 387
3 488
108 442
103 487
177 400
31 435
243 394
130 441
71 488
12 484
80 430
127 455
161 488
145 392
175 477
234 426
235 496
157 413
221 417
102 389
152 389
156 457
119 407
119 389
68 428
223 449
174 495
30 480
92 438
200 455
155 447
231 486
92 400
33 442
66 403
480 73
451 117
270 72
454 46
370 39
376 65
479 95
360 17
253 41
251 87
299 123
493 82
273 88
377 75
487 33
383 27
381 30
364 38
376 119
472 115
281 72
349 91
342 117
346 88
447 121
352 91
384 99
446 120
330 47
278 17
444 7
395 71
370 26
258 3
438 54
492 47
282 75
308 52
383 104
395 55
312 10
277 110
355 106
310 215
428 208
336 245
434 231
471 205
428 211
330 239
432 233
258 167
445 134
488 175
474 172
370 161
474 224
260 193
464 142
251 243
486 166
392 155
334 181
351 247
294 131
301 128
384 151
383 211
423 238
450 168
498 202
253 150
333 202
313 169
285 205
442 127
454 158
479 162
397 129
424 136
399 210
272 186
306 204
327 146
489 127
449 144
413 325
313 308
327 373
414 369
407 319
291 313
312 318
319 334
424 336
424 345
317 284
460 306
337 294
472 371
332 323
314 364
276 320
412 281
419 326
366 269
493 267
492 350
349 297
440 358
478 355
368 348
291 300
345 296
440 333
294 255
312 341
405 343
385 375
309 259
355 279
390 363
415 351
332 345
358 261
332 333
449 361
372 284
322 370
412 470
399 378
421 474
455 498
458 493
494 416
275 431
438 465
284 407
424 384
272 384
460 377
428 483
461 430
357 401
488 486
271 396
401 389
346 433
294 468
460 491
460 399
450 381
362 395
399 428
342 456
344 477
399 471
459 432
352 387
433 481
261 409
289 417
321 451
463 470
418 457
393 394
352 422
344 452
492 453
437 460
370 407
389 377
85 121
101 66
59 92
15 80
123 49
206 28
