40 200
200 44
18 119
43 68
165 124
164 49
216 242
14 241
191 186
236 223
179 200
107 359
207 263
186 365
222 330
197 253
134 498
223 451
175 499
178 484
77 489
300 26
299 113
393 42
352 79
335 37
466 134
292 185
333 142
289 131
362 209
497 307
319 368
346 346
370 299
290 353
452 437
325 388
261 453
447 447
353 451
208 106
68 74
211 67
227 72
47 23
74 119
242 68
107 67
130 17
211 95
52 58
7 3
6 125
203 70
222 83
125 122
189 120
243 24
196 3
167 40
23 45
181 71
121 31
172 6
214 38
103 217
232 244
246 245
8 242
165 128
87 238
222 182
60 138
187 153
39 160
216 166
139 204
193 169
98 128
220 217
133 238
35 143
33 192
14 234
185 144
106 214
40 186
91 238
246 138
36 248
161 326
171 350
161 286
62 320
38 262
54 250
63 343
21 367
177 337
198 305
35 362
223 285
174 374
55 298
64 342
96 257
166 308
86 369
46 339
157 312
15 261
126 294
239 324
63 267
67 360
23 441
203 448
240 454
20 482
192 482
25 489
159 499
172 433
166 400
33 415
85 437
68 443
145 444
173 451
220 491
234 484
4 379
135 472
72 457
149 480
204 457
34 477
181 441
96 416
209 378
280 100
482 12
334 28
441 45
297 114
349 86
307 39
275 13
449 19
352 60
403 97
301 19
414 69
425 69
254 116
408 13
338 104
423 116
437 15
354 74
302 91
252 102
491 32
456 117
265 75
375 169
387 193
314 217
493 188
366 139
402 145
470 142
426 168
336 233
327 139
345 185
455 179
444 230
476 206
309 219
264 239
287 193
308 155
360 138
292 142
284 162
279 153
470 145
292 153
315 219
440 290
384 375
255 330
491 307
416 333
361 262
292 268
267 325
332 264
375 369
478 253
285 290
478 285
353 251
358 340
394 330
311 258
425 326
285 365
264 311
339 321
254 313
314 322
456 257
364 298
469 388
271 482
278 452
299 464
466 489
320 495
297 449
327 474
344 444
380 380
463 488
323 483
258 458
262 439
296 462
495 447
257 446
399 436
250 453
258 490
271 387
410 414
439 375
447 478
250 448