40 200
34 88
75 23
54 79
104 9
218 7
135 127
107 177
164 162
89 233
201 212
241 315
137 273
201 289
200 320
129 307
72 431
225 432
146 471
139 410
107 398
461 46
411 84
332 6
442 31
278 58
310 248
447 133
458 221
337 168
398 240
452 286
420 315
433 353
388 310
434 324
377 444
309 428
486 440
288 396
443 425
95 95
202 14
43 79
202 89
28 42
31 94
42 85
83 83
228 26
91 38
66 20
37 53
148 6
135 64
90 76
159 69
127 63
234 16
13 36
160 53
174 120
200 121
164 108
12 104
28 104
95 159
150 182
20 171
165 193
147 222
84 144
137 218
213 205
114 143
97 151
128 182
139 231
105 228
23 168
213 138
58 148
227 199
54 162
126 238
101 132
246 193
14 242
67 136
210 143
62 174
72 334
98 308
203 349
20 318
13 341
60 330
232 356
161 322
187 312
122 347
51 367
169 262
247 254
58 354
113 273
75 281
199 260
177 265
86 345
96 321
224 332
121 336
151 330
176 341
162 255
7 470
136 467
204 500
18 467
250 417
110 379
70 406
81 376
29 427
223 479
194 438
176 495
245 465
110 406
7 437
240 385
224 483
192 377
149 477
213 427
60 376
126 398
130 378
137 400
126 415
352 8
387 108
339 70
447 31
482 92
494 88
440 96
495 21
359 81
264 30
447 70
330 73
340 2
348 40
490 40
442 10
402 121
373 69
279 82
252 0
325 13
461 6
429 68
437 104
492 49
275 139
486 231
429 218
423 164
254 245
436 167
486 226
354 227
288 175
297 166
376 228
258 215
445 195
333 229
473 161
359 152
252 188
464 129
281 176
457 225
394 129
366 166
456 249
429 156
281 191
476 374
290 317
471 351
331 278
310 288
304 361
422 295
256 296
275 372
293 311
495 293
382 331
297 295
309 273
350 357
297 251
270 375
273 280
459 352
470 293
394 327
393 277
494 250
422 262
300 339
479 384
361 379
437 385
412 483
421 494
446 445
295 401
394 498
384 388
432 432
446 388
258 448
276 380
276 437
395 482
312 420
441 438
489 496
375 453
494 398
332 385
481 412
336 441
435 459
462 427