40 200
14 0
117 79
188 80
141 58
206 87
19 241
103 211
91 233
9 208
9 224
45 316
69 285
94 355
158 274
185 374
139 399
134 499
102 479
104 490
130 432
417 30
274 10
266 121
321 36
389 120
391 224
435 190
322 143
496 146
250 128
374 350
348 286
306 331
278 362
426 342
265 415
360 408
427 465
440 478
315 448
67 110
180 22
50 25
28 16
118 115
95 110
248 81
220 123
44 52
185 83
59 44
12 96
197 13
3 84
146 11
106 43
81 107
112 20
171 115
37 59
82 75
236 33
246 42
190 23
210 98
32 221
128 155
165 200
53 188
16 146
217 216
143 145
92 191
184 141
77 139
87 199
107 224
38 234
175 247
108 157
126 180
241 160
124 248
233 227
243 249
97 171
211 233
66 217
248 198
37 211
247 308
44 375
174 287
177 310
151 333
153 301
241 272
10 273
207 270
0 319
114 303
137 329
158 330
92 250
135 368
163 298
48 340
167 292
176 374
10 250
66 333
193 257
78 353
144 354
94 329
111 497
179 482
62 433
93 433
15 500
100 440
82 491
133 459
37 418
42 483
231 448
236 423
62 475
9 444
249 419
144 418
229 422
75 401
119 432
194 467
160 464
41 427
52 417
207 419
96 377
254 125
464 27
363 48
373 41
257 56
254 50
360 34
262 34
425 97
250 42
471 11
450 65
255 104
477 77
343 116
418 47
279 95
370 43
462 28
312 56
280 101
490 48
325 89
259 39
427 100
335 131
299 141
363 212
364 153
494 225
449 191
435 189
321 184
395 162
298 215
286 136
477 128
313 130
356 235
370 146
378 221
307 176
477 227
318 222
312 243
500 148
435 200
492 217
409 204
416 209
336 357
364 292
252 333
296 286
485 280
298 322
315 281
453 339
492 256
425 305
309 327
285 279
406 325
399 301
308 354
257 263
315 313
444 285
480 296
290 375
336 286
299 335
484 365
335 374
452 368
481 416
276 378
267 415
448 392
271 391
384 485
455 425
347 485
361 419
353 495
272 404
256 468
483 432
344 447
370 471
382 454
250 426
318 379
456 407
476 493
299 439
327 459
324 436
260 400
258 493