40 200
60 2
119 80
217 111
154 35
235 96
207 228
75 216
56 235
66 183
150 125
38 281
115 311
147 284
51 298
230 303
97 393
66 497
235 459
132 459
207 400
353 25
361 95
437 63
397 115
327 13
398 163
427 133
426 199
497 148
353 187
285 330
304 311
390 302
301 365
415 349
330 481
446 408
420 492
308 458
400 469
150 122
18 96
147 62
45 14
29 28
67 110
208 90
106 77
139 114
3 107
59 63
217 92
73 40
60 118
15 119
34 63
179 3
222 13
166 54
35 92
25 59
190 34
63 111
247 86
250 26
12 162
3 173
116 177
100 246
237 207
90 140
184 154
3 221
113 142
95 241
54 248
182 238
93 179
154 192
141 242
211 145
208 131
146 131
168 210
79 218
164 223
215 136
40 150
38 188
12 204
144 270
115 340
20 350
61 292
13 264
94 322
203 352
212 265
144 287
71 297
4 322
157 307
191 363
50 364
114 354
179 347
169 319
99 359
32 312
165 251
212 280
220 268
232 287
80 321
190 371
165 439
199 405
105 471
102 476
106 468
140 435
16 459
171 443
55 434
121 423
24 470
75 456
161 399
245 476
131 465
70 383
96 397
35 479
22 489
108 494
215 433
101 398
234 447
249 450
203 472
269 23
384 89
278 30
342 55
493 87
283 93
471 101
266 77
354 55
497 44
424 110
467 96
399 123
409 112
398 65
290 118
374 67
452 62
279 113
331 94
440 74
255 36
307 42
386 24
411 59
354 202
250 141
320 192
426 227
361 158
372 137
348 192
322 156
284 196
409 228
275 137
467 242
415 225
284 143
329 176
400 148
383 154
409 162
314 234
325 235
457 154
296 155
437 130
393 170
288 210
480 273
305 310
420 327
454 271
338 338
342 359
369 273
358 253
480 275
469 361
344 326
465 327
418 261
423 269
353 365
470 333
477 291
381 266
309 306
275 260
274 336
388 290
256 269
379 358
302 340
496 477
308 408
337 416
381 480
315 451
499 396
296 417
458 482
331 426
499 428
410 455
437 475
411 449
354 474
419 468
339 377
277 379
457 442
379 433
312 473
293 426
453 432
335 491
400 398
315 476
