10 50
95 52
192 169
44 304
134 460
381 78
273 229
274 316
303 410
204 47
0 231
248 109
234 48
151 68
102 45
89 81
209 58
0 125
155 182
68 175
14 215
175 205
140 245
200 268
179 329
39 272
155 272
210 304
26 328
54 382
29 487
38 457
10 391
231 417
64 426
298 108
274 27
465 63
265 81
414 44
431 9
409 201
391 137
492 183
421 171
299 227
373 219
364 365
474 304
375 317
432 288
282 338
357 306
275 416
363 380
437 439
379 486
431 449
334 486
219 94
18 57
