10 50
180 96
135 199
168 315
211 479
435 36
443 240
255 253
276 394
56 56
21 125
131 73
164 65
53 118
80 34
21 9
147 117
1 223
239 153
168 226
183 250
85 233
140 216
140 359
18 274
95 293
111 259
115 252
13 281
102 419
65 400
131 428
111 464
67 433
82 437
328 79
336 26
449 104
491 69
256 119
270 109
296 182
387 212
437 195
395 187
281 127
329 186
277 256
451 320
473 326
313 357
409 300
388 364
303 431
295 382
444 423
413 425
482 392
437 478
149 119
124 70
