10 50
133 62
94 215
227 261
40 405
298 109
341 217
493 372
307 392
231 121
54 188
224 28
222 9
243 115
195 66
219 22
184 23
183 190
54 201
151 207
48 200
103 154
179 235
21 263
96 326
210 258
75 371
197 356
209 277
212 428
70 384
157 402
42 499
161 435
91 487
333 8
365 26
455 74
383 5
290 39
344 14
341 209
312 208
421 127
339 160
329 221
428 239
288 344
322 282
347 312
490 344
285 301
470 286
409 442
325 400
277 498
446 390
252 490
268 418
26 21
57 30